# Format <LP id> <Terminal ID> <Rail ID> <Total Data Size> <Avg packet latency> <# Flits/Packets finished> <Avg hops> <Busy Time>
8 0 0 14150680 18444031.398493 1786 1.829787 1826115.565547
9 1 0 15117080 20060851.488329 1920 1.823958 2517637.982883
10 2 0 38417312 194549334.317508 4767 2.436123 1282252.983451
11 3 0 33862088 169243853.005777 4232 2.996692 1332081.726241
23 4 0 34873320 170686322.158256 4341 2.897719 408080.697946
24 5 0 7776424 11530589.581165 997 2.743230 2238922.288197
25 6 0 26024976 67809703.178814 3254 2.996927 1736192.417706
26 7 0 32128736 120076921.533787 3957 2.334850 407295.337522
38 8 0 13621216 19311098.847051 1744 2.776376 2101886.556732
39 9 0 8653672 12022083.429842 1110 2.704505 1334305.769249
40 10 0 24513672 72871615.108584 3070 2.999349 1589579.512965
41 11 0 10883320 20575475.641867 1416 2.997175 2366469.292745
53 12 0 11521472 16961799.532454 1447 2.908777 1770212.431726
54 13 0 23101432 31790986.754709 2936 1.877384 3221859.931445
55 14 0 21299248 31731423.232331 2681 1.848191 2342451.298829
56 15 0 22032992 30433964.143905 2849 1.970867 4795150.397347
68 16 0 0 0.000000 0 -nan 0.000000
69 17 0 0 0.000000 0 -nan 0.000000
70 18 0 0 0.000000 0 -nan 0.000000
71 19 0 0 0.000000 0 -nan 0.000000
83 20 0 0 0.000000 0 -nan 0.000000
84 21 0 0 0.000000 0 -nan 0.000000
85 22 0 0 0.000000 0 -nan 0.000000
86 23 0 0 0.000000 0 -nan 0.000000
98 24 0 0 0.000000 0 -nan 0.000000
99 25 0 0 0.000000 0 -nan 0.000000
100 26 0 0 0.000000 0 -nan 0.000000
101 27 0 0 0.000000 0 -nan 0.000000
113 28 0 0 0.000000 0 -nan 0.000000
114 29 0 0 0.000000 0 -nan 0.000000
115 30 0 0 0.000000 0 -nan 0.000000
116 31 0 0 0.000000 0 -nan 0.000000
128 32 0 0 0.000000 0 -nan 0.000000
129 33 0 0 0.000000 0 -nan 0.000000
130 34 0 0 0.000000 0 -nan 0.000000
131 35 0 0 0.000000 0 -nan 0.000000
143 36 0 0 0.000000 0 -nan 0.000000
144 37 0 0 0.000000 0 -nan 0.000000
145 38 0 0 0.000000 0 -nan 0.000000
146 39 0 0 0.000000 0 -nan 0.000000
158 40 0 0 0.000000 0 -nan 0.000000
159 41 0 0 0.000000 0 -nan 0.000000
160 42 0 0 0.000000 0 -nan 0.000000
161 43 0 0 0.000000 0 -nan 0.000000
173 44 0 0 0.000000 0 -nan 0.000000
174 45 0 0 0.000000 0 -nan 0.000000
175 46 0 0 0.000000 0 -nan 0.000000
176 47 0 0 0.000000 0 -nan 0.000000
188 48 0 0 0.000000 0 -nan 0.000000
189 49 0 0 0.000000 0 -nan 0.000000
190 50 0 0 0.000000 0 -nan 0.000000
191 51 0 0 0.000000 0 -nan 0.000000
203 52 0 0 0.000000 0 -nan 0.000000
204 53 0 0 0.000000 0 -nan 0.000000
205 54 0 0 0.000000 0 -nan 0.000000
206 55 0 0 0.000000 0 -nan 0.000000
218 56 0 0 0.000000 0 -nan 0.000000
219 57 0 0 0.000000 0 -nan 0.000000
220 58 0 0 0.000000 0 -nan 0.000000
221 59 0 0 0.000000 0 -nan 0.000000
233 60 0 0 0.000000 0 -nan 0.000000
234 61 0 0 0.000000 0 -nan 0.000000
235 62 0 0 0.000000 0 -nan 0.000000
236 63 0 0 0.000000 0 -nan 0.000000
