# Format <LP ID> <Rail ID> <Level ID> <Switch ID> <Busy time per switch port(s)># Switch ports: 8

 12 0 0 0 0.000000 0.000000 1018136.404929 793127.192759 141816.325627 140011.778323 139356.972474 149768.941789
 13 0 1 16 1087795.263421 1374395.562668 288797.726158 0.000000 0.000000 0.000000 0.000000 0.000000
 14 0 2 32 0.000000 0.000000 0.000000 0.000000 0.000000 0.000000 0.000000 0.000000
 27 0 0 1 765626.668259 0.000000 368387.830145 834603.974563 444858.931251 429193.450218 439908.928187 426751.316473
 28 0 1 17 1082199.835216 1336636.086896 281383.848661 0.000000 0.000000 0.000000 0.000000 0.000000
 29 0 2 33 0.000000 0.000000 0.000000 0.000000 0.000000 0.000000 0.000000 0.000000
 42 0 0 2 0.000000 0.000000 384631.441535 60057.885603 1847346.400474 1849853.173330 1751462.606692 1675277.019732
 43 0 1 18 1042244.843261 1297150.948217 273574.774732 0.000000 0.000000 0.000000 0.000000 0.000000
 44 0 2 34 0.000000 0.000000 0.000000 0.000000 0.000000 0.000000 0.000000 0.000000
 57 0 0 3 0.000000 0.000000 0.000000 0.000000 2464711.907349 2373472.863594 2265737.340079 2223831.804907
 58 0 1 19 1052035.116389 1261958.611386 279130.689568 0.000000 0.000000 0.000000 0.000000 0.000000
 59 0 2 35 0.000000 0.000000 0.000000 0.000000 0.000000 0.000000 0.000000 0.000000
 72 0 0 4 0.000000 0.000000 0.000000 0.000000 0.000000 0.000000 0.000000 0.000000
 73 0 1 20 0.000000 0.000000 0.000000 0.000000 0.000000 0.000000 0.000000 0.000000
 74 0 2 36 0.000000 0.000000 0.000000 0.000000 0.000000 0.000000 0.000000 0.000000
 87 0 0 5 0.000000 0.000000 0.000000 0.000000 0.000000 0.000000 0.000000 0.000000
 88 0 1 21 0.000000 0.000000 0.000000 0.000000 0.000000 0.000000 0.000000 0.000000
 89 0 2 37 0.000000 0.000000 0.000000 0.000000 0.000000 0.000000 0.000000 0.000000
 102 0 0 6 0.000000 0.000000 0.000000 0.000000 0.000000 0.000000 0.000000 0.000000
 103 0 1 22 0.000000 0.000000 0.000000 0.000000 0.000000 0.000000 0.000000 0.000000
 104 0 2 38 0.000000 0.000000 0.000000 0.000000 0.000000 0.000000 0.000000 0.000000
 117 0 0 7 0.000000 0.000000 0.000000 0.000000 0.000000 0.000000 0.000000 0.000000
 118 0 1 23 0.000000 0.000000 0.000000 0.000000 0.000000 0.000000 0.000000 0.000000
 119 0 2 39 0.000000 0.000000 0.000000 0.000000 0.000000 0.000000 0.000000 0.000000
 132 0 0 8 0.000000 0.000000 0.000000 0.000000 0.000000 0.000000 0.000000 0.000000
 133 0 1 24 0.000000 0.000000 0.000000 0.000000 0.000000 0.000000 0.000000 0.000000
 147 0 0 9 0.000000 0.000000 0.000000 0.000000 0.000000 0.000000 0.000000 0.000000
 148 0 1 25 0.000000 0.000000 0.000000 0.000000 0.000000 0.000000 0.000000 0.000000
 162 0 0 10 0.000000 0.000000 0.000000 0.000000 0.000000 0.000000 0.000000 0.000000
 163 0 1 26 0.000000 0.000000 0.000000 0.000000 0.000000 0.000000 0.000000 0.000000
 177 0 0 11 0.000000 0.000000 0.000000 0.000000 0.000000 0.000000 0.000000 0.000000
 178 0 1 27 0.000000 0.000000 0.000000 0.000000 0.000000 0.000000 0.000000 0.000000
 192 0 0 12 0.000000 0.000000 0.000000 0.000000 0.000000 0.000000 0.000000 0.000000
 193 0 1 28 0.000000 0.000000 0.000000 0.000000 0.000000 0.000000 0.000000 0.000000
 207 0 0 13 0.000000 0.000000 0.000000 0.000000 0.000000 0.000000 0.000000 0.000000
 208 0 1 29 0.000000 0.000000 0.000000 0.000000 0.000000 0.000000 0.000000 0.000000
 222 0 0 14 0.000000 0.000000 0.000000 0.000000 0.000000 0.000000 0.000000 0.000000
 223 0 1 30 0.000000 0.000000 0.000000 0.000000 0.000000 0.000000 0.000000 0.000000
 237 0 0 15 0.000000 0.000000 0.000000 0.000000 0.000000 0.000000 0.000000 0.000000
 238 0 1 31 0.000000 0.000000 0.000000 0.000000 0.000000 0.000000 0.000000 0.000000