# Format <LP ID> <Rail ID> <Level ID> <Switch ID> <Link traffic per switch port(s)># Switch ports: 8
 12 0 0 0 14232600 15215384 38532000 33968584 18255216 15199360 11823160 11640536
 13 0 1 16 22936856 27014456 17528624 13735840 0 0 0 0
 14 0 2 32 0 0 0 0 0 0 0 0
 27 0 0 1 34971624 7874728 26123280 32194272 12593744 10208472 7882696 7931088
 28 0 1 17 19227248 22760000 14723488 11009768 0 0 0 0
 29 0 2 33 0 0 0 0 0 0 0 0
 42 0 0 2 13662176 8694632 24562824 10932472 25336448 21076384 17357600 17153912
 43 0 1 18 15940688 19018496 11516752 7951984 0 0 0 0
 44 0 2 34 0 0 0 0 0 0 0 0
 57 0 0 3 11554240 23134200 21340208 22082144 25030368 21236288 17364464 17225768
 58 0 1 19 15625776 18889664 11352904 8082960 0 0 0 0
 59 0 2 35 0 0 0 0 0 0 0 0
 72 0 0 4 0 0 0 0 0 0 0 0
 73 0 1 20 0 0 0 0 0 0 0 0
 74 0 2 36 0 0 0 0 0 0 0 0
 87 0 0 5 0 0 0 0 0 0 0 0
 88 0 1 21 0 0 0 0 0 0 0 0
 89 0 2 37 0 0 0 0 0 0 0 0
 102 0 0 6 0 0 0 0 0 0 0 0
 103 0 1 22 0 0 0 0 0 0 0 0
 104 0 2 38 0 0 0 0 0 0 0 0
 117 0 0 7 0 0 0 0 0 0 0 0
 118 0 1 23 0 0 0 0 0 0 0 0
 119 0 2 39 0 0 0 0 0 0 0 0
 132 0 0 8 0 0 0 0 0 0 0 0
 133 0 1 24 0 0 0 0 0 0 0 0
 147 0 0 9 0 0 0 0 0 0 0 0
 148 0 1 25 0 0 0 0 0 0 0 0
 162 0 0 10 0 0 0 0 0 0 0 0
 163 0 1 26 0 0 0 0 0 0 0 0
 177 0 0 11 0 0 0 0 0 0 0 0
 178 0 1 27 0 0 0 0 0 0 0 0
 192 0 0 12 0 0 0 0 0 0 0 0
 193 0 1 28 0 0 0 0 0 0 0 0
 207 0 0 13 0 0 0 0 0 0 0 0
 208 0 1 29 0 0 0 0 0 0 0 0
 222 0 0 14 0 0 0 0 0 0 0 0
 223 0 1 30 0 0 0 0 0 0 0 0
 237 0 0 15 0 0 0 0 0 0 0 0
 238 0 1 31 0 0 0 0 0 0 0 0