# Format <LP id> <Terminal ID> <Rail ID> <Total Data Size> <Avg packet latency> <# Flits/Packets finished> <Avg hops> <Busy Time>
16 0 0 3760 170816.166669 512 1.000000 0.000000
17 1 0 5692 102686.697804 641 1.000000 0.000000
18 2 0 3872 104116.123671 421 1.000000 0.000000
19 3 0 2840 134432.143143 360 1.000000 0.000000
39 4 0 0 0.000000 0 -nan 0.000000
40 5 0 0 0.000000 0 -nan 0.000000
41 6 0 0 0.000000 0 -nan 0.000000
42 7 0 0 0.000000 0 -nan 0.000000
62 8 0 0 0.000000 0 -nan 0.000000
63 9 0 0 0.000000 0 -nan 0.000000
64 10 0 0 0.000000 0 -nan 0.000000
65 11 0 0 0.000000 0 -nan 0.000000
85 12 0 0 0.000000 0 -nan 0.000000
86 13 0 0 0.000000 0 -nan 0.000000
87 14 0 0 0.000000 0 -nan 0.000000
88 15 0 0 0.000000 0 -nan 0.000000
108 16 0 0 0.000000 0 -nan 0.000000
109 17 0 0 0.000000 0 -nan 0.000000
110 18 0 0 0.000000 0 -nan 0.000000
111 19 0 0 0.000000 0 -nan 0.000000
131 20 0 0 0.000000 0 -nan 0.000000
132 21 0 0 0.000000 0 -nan 0.000000
133 22 0 0 0.000000 0 -nan 0.000000
134 23 0 0 0.000000 0 -nan 0.000000
154 24 0 0 0.000000 0 -nan 0.000000
155 25 0 0 0.000000 0 -nan 0.000000
156 26 0 0 0.000000 0 -nan 0.000000
157 27 0 0 0.000000 0 -nan 0.000000
177 28 0 0 0.000000 0 -nan 0.000000
178 29 0 0 0.000000 0 -nan 0.000000
179 30 0 0 0.000000 0 -nan 0.000000
180 31 0 0 0.000000 0 -nan 0.000000
200 32 0 0 0.000000 0 -nan 0.000000
201 33 0 0 0.000000 0 -nan 0.000000
202 34 0 0 0.000000 0 -nan 0.000000
203 35 0 0 0.000000 0 -nan 0.000000
223 36 0 0 0.000000 0 -nan 0.000000
224 37 0 0 0.000000 0 -nan 0.000000
225 38 0 0 0.000000 0 -nan 0.000000
226 39 0 0 0.000000 0 -nan 0.000000
246 40 0 0 0.000000 0 -nan 0.000000
247 41 0 0 0.000000 0 -nan 0.000000
248 42 0 0 0.000000 0 -nan 0.000000
249 43 0 0 0.000000 0 -nan 0.000000
269 44 0 0 0.000000 0 -nan 0.000000
270 45 0 0 0.000000 0 -nan 0.000000
271 46 0 0 0.000000 0 -nan 0.000000
272 47 0 0 0.000000 0 -nan 0.000000
292 48 0 0 0.000000 0 -nan 0.000000
293 49 0 0 0.000000 0 -nan 0.000000
294 50 0 0 0.000000 0 -nan 0.000000
295 51 0 0 0.000000 0 -nan 0.000000
315 52 0 0 0.000000 0 -nan 0.000000
316 53 0 0 0.000000 0 -nan 0.000000
317 54 0 0 0.000000 0 -nan 0.000000
318 55 0 0 0.000000 0 -nan 0.000000
338 56 0 0 0.000000 0 -nan 0.000000
339 57 0 0 0.000000 0 -nan 0.000000
340 58 0 0 0.000000 0 -nan 0.000000
341 59 0 0 0.000000 0 -nan 0.000000
361 60 0 0 0.000000 0 -nan 0.000000
362 61 0 0 0.000000 0 -nan 0.000000
363 62 0 0 0.000000 0 -nan 0.000000
364 63 0 0 0.000000 0 -nan 0.000000
