# Format <LP id> <Terminal ID> <Rail ID> <Total Data Size> <Avg packet latency> <# Flits/Packets finished> <Avg hops> <Busy Time>
32 0 0 50323744 65982498.085172 6555 1.000000 2433248.887185
33 1 0 100636000 117704512.980793 13004 1.000000 6303182.772838
34 2 0 100635856 171197734.414329 12964 1.000000 5906708.996785
35 3 0 50323592 66607519.245755 6513 1.000000 3398461.964802
71 4 0 0 0.000000 0 -nan 0.000000
72 5 0 0 0.000000 0 -nan 0.000000
73 6 0 0 0.000000 0 -nan 0.000000
74 7 0 0 0.000000 0 -nan 0.000000
110 8 0 0 0.000000 0 -nan 0.000000
111 9 0 0 0.000000 0 -nan 0.000000
112 10 0 0 0.000000 0 -nan 0.000000
113 11 0 0 0.000000 0 -nan 0.000000
149 12 0 0 0.000000 0 -nan 0.000000
150 13 0 0 0.000000 0 -nan 0.000000
151 14 0 0 0.000000 0 -nan 0.000000
152 15 0 0 0.000000 0 -nan 0.000000
188 16 0 0 0.000000 0 -nan 0.000000
189 17 0 0 0.000000 0 -nan 0.000000
190 18 0 0 0.000000 0 -nan 0.000000
191 19 0 0 0.000000 0 -nan 0.000000
227 20 0 0 0.000000 0 -nan 0.000000
228 21 0 0 0.000000 0 -nan 0.000000
229 22 0 0 0.000000 0 -nan 0.000000
230 23 0 0 0.000000 0 -nan 0.000000
266 24 0 0 0.000000 0 -nan 0.000000
267 25 0 0 0.000000 0 -nan 0.000000
268 26 0 0 0.000000 0 -nan 0.000000
269 27 0 0 0.000000 0 -nan 0.000000
305 28 0 0 0.000000 0 -nan 0.000000
306 29 0 0 0.000000 0 -nan 0.000000
307 30 0 0 0.000000 0 -nan 0.000000
308 31 0 0 0.000000 0 -nan 0.000000
344 32 0 0 0.000000 0 -nan 0.000000
345 33 0 0 0.000000 0 -nan 0.000000
346 34 0 0 0.000000 0 -nan 0.000000
347 35 0 0 0.000000 0 -nan 0.000000
383 36 0 0 0.000000 0 -nan 0.000000
384 37 0 0 0.000000 0 -nan 0.000000
385 38 0 0 0.000000 0 -nan 0.000000
386 39 0 0 0.000000 0 -nan 0.000000
422 40 0 0 0.000000 0 -nan 0.000000
423 41 0 0 0.000000 0 -nan 0.000000
424 42 0 0 0.000000 0 -nan 0.000000
425 43 0 0 0.000000 0 -nan 0.000000
461 44 0 0 0.000000 0 -nan 0.000000
462 45 0 0 0.000000 0 -nan 0.000000
463 46 0 0 0.000000 0 -nan 0.000000
464 47 0 0 0.000000 0 -nan 0.000000
500 48 0 0 0.000000 0 -nan 0.000000
501 49 0 0 0.000000 0 -nan 0.000000
502 50 0 0 0.000000 0 -nan 0.000000
503 51 0 0 0.000000 0 -nan 0.000000
539 52 0 0 0.000000 0 -nan 0.000000
540 53 0 0 0.000000 0 -nan 0.000000
541 54 0 0 0.000000 0 -nan 0.000000
542 55 0 0 0.000000 0 -nan 0.000000
578 56 0 0 0.000000 0 -nan 0.000000
579 57 0 0 0.000000 0 -nan 0.000000
580 58 0 0 0.000000 0 -nan 0.000000
581 59 0 0 0.000000 0 -nan 0.000000
617 60 0 0 0.000000 0 -nan 0.000000
618 61 0 0 0.000000 0 -nan 0.000000
619 62 0 0 0.000000 0 -nan 0.000000
620 63 0 0 0.000000 0 -nan 0.000000
