# Format <LP ID> <Rail ID> <Level ID> <Switch ID> <Link traffic per switch port(s)># Switch ports: 8
 12 0 0 0 289044 404712 323404 289584 230900 247052 173200 238692
 13 0 1 16 246768 230900 0 0 0 0 0 0
 14 0 2 32 0 0 0 0 0 0 0 0
 27 0 0 1 493084 158188 378388 378936 246768 222360 197924 238860
 28 0 1 17 222360 247052 0 0 0 0 0 0
 29 0 2 33 0 0 0 0 0 0 0 0
 42 0 0 2 0 0 0 0 0 0 0 0
 43 0 1 18 197924 173200 0 0 0 0 0 0
 44 0 2 34 0 0 0 0 0 0 0 0
 57 0 0 3 0 0 0 0 0 0 0 0
 58 0 1 19 238860 238692 0 0 0 0 0 0
 59 0 2 35 0 0 0 0 0 0 0 0
 72 0 0 4 0 0 0 0 0 0 0 0
 73 0 1 20 0 0 0 0 0 0 0 0
 74 0 2 36 0 0 0 0 0 0 0 0
 87 0 0 5 0 0 0 0 0 0 0 0
 88 0 1 21 0 0 0 0 0 0 0 0
 89 0 2 37 0 0 0 0 0 0 0 0
 102 0 0 6 0 0 0 0 0 0 0 0
 103 0 1 22 0 0 0 0 0 0 0 0
 104 0 2 38 0 0 0 0 0 0 0 0
 117 0 0 7 0 0 0 0 0 0 0 0
 118 0 1 23 0 0 0 0 0 0 0 0
 119 0 2 39 0 0 0 0 0 0 0 0
 132 0 0 8 0 0 0 0 0 0 0 0
 133 0 1 24 0 0 0 0 0 0 0 0
 147 0 0 9 0 0 0 0 0 0 0 0
 148 0 1 25 0 0 0 0 0 0 0 0
 162 0 0 10 0 0 0 0 0 0 0 0
 163 0 1 26 0 0 0 0 0 0 0 0
 177 0 0 11 0 0 0 0 0 0 0 0
 178 0 1 27 0 0 0 0 0 0 0 0
 192 0 0 12 0 0 0 0 0 0 0 0
 193 0 1 28 0 0 0 0 0 0 0 0
 207 0 0 13 0 0 0 0 0 0 0 0
 208 0 1 29 0 0 0 0 0 0 0 0
 222 0 0 14 0 0 0 0 0 0 0 0
 223 0 1 30 0 0 0 0 0 0 0 0
 237 0 0 15 0 0 0 0 0 0 0 0
 238 0 1 31 0 0 0 0 0 0 0 0