# Format <LP id> <Terminal ID> <Rail ID> <Total Data Size> <Avg packet latency> <# Flits/Packets finished> <Avg hops> <Busy Time>
8 0 0 2324 94582.914245 302 1.291391 0.000000
9 1 0 3304 172139.646318 411 1.700730 0.000000
10 2 0 3916 168050.016196 445 2.231461 0.000000
11 3 0 2864 119186.902324 352 2.096591 0.000000
23 4 0 1564 159423.301405 216 2.416667 0.000000
24 5 0 2540 90508.373817 268 2.395522 0.000000
25 6 0 1556 136930.823362 200 2.310000 0.000000
26 7 0 2104 144418.916957 250 2.472000 0.000000
38 8 0 0 0.000000 0 -nan 0.000000
39 9 0 0 0.000000 0 -nan 0.000000
40 10 0 0 0.000000 0 -nan 0.000000
41 11 0 0 0.000000 0 -nan 0.000000
53 12 0 0 0.000000 0 -nan 0.000000
54 13 0 0 0.000000 0 -nan 0.000000
55 14 0 0 0.000000 0 -nan 0.000000
56 15 0 0 0.000000 0 -nan 0.000000
68 16 0 0 0.000000 0 -nan 0.000000
69 17 0 0 0.000000 0 -nan 0.000000
70 18 0 0 0.000000 0 -nan 0.000000
71 19 0 0 0.000000 0 -nan 0.000000
83 20 0 0 0.000000 0 -nan 0.000000
84 21 0 0 0.000000 0 -nan 0.000000
85 22 0 0 0.000000 0 -nan 0.000000
86 23 0 0 0.000000 0 -nan 0.000000
98 24 0 0 0.000000 0 -nan 0.000000
99 25 0 0 0.000000 0 -nan 0.000000
100 26 0 0 0.000000 0 -nan 0.000000
101 27 0 0 0.000000 0 -nan 0.000000
113 28 0 0 0.000000 0 -nan 0.000000
114 29 0 0 0.000000 0 -nan 0.000000
115 30 0 0 0.000000 0 -nan 0.000000
116 31 0 0 0.000000 0 -nan 0.000000
128 32 0 0 0.000000 0 -nan 0.000000
129 33 0 0 0.000000 0 -nan 0.000000
130 34 0 0 0.000000 0 -nan 0.000000
131 35 0 0 0.000000 0 -nan 0.000000
143 36 0 0 0.000000 0 -nan 0.000000
144 37 0 0 0.000000 0 -nan 0.000000
145 38 0 0 0.000000 0 -nan 0.000000
146 39 0 0 0.000000 0 -nan 0.000000
158 40 0 0 0.000000 0 -nan 0.000000
159 41 0 0 0.000000 0 -nan 0.000000
160 42 0 0 0.000000 0 -nan 0.000000
161 43 0 0 0.000000 0 -nan 0.000000
173 44 0 0 0.000000 0 -nan 0.000000
174 45 0 0 0.000000 0 -nan 0.000000
175 46 0 0 0.000000 0 -nan 0.000000
176 47 0 0 0.000000 0 -nan 0.000000
188 48 0 0 0.000000 0 -nan 0.000000
189 49 0 0 0.000000 0 -nan 0.000000
190 50 0 0 0.000000 0 -nan 0.000000
191 51 0 0 0.000000 0 -nan 0.000000
203 52 0 0 0.000000 0 -nan 0.000000
204 53 0 0 0.000000 0 -nan 0.000000
205 54 0 0 0.000000 0 -nan 0.000000
206 55 0 0 0.000000 0 -nan 0.000000
218 56 0 0 0.000000 0 -nan 0.000000
219 57 0 0 0.000000 0 -nan 0.000000
220 58 0 0 0.000000 0 -nan 0.000000
221 59 0 0 0.000000 0 -nan 0.000000
233 60 0 0 0.000000 0 -nan 0.000000
234 61 0 0 0.000000 0 -nan 0.000000
235 62 0 0 0.000000 0 -nan 0.000000
236 63 0 0 0.000000 0 -nan 0.000000
