# Format <LP id> <Terminal ID> <Rail ID> <Total Data Size> <Avg packet latency> <# Flits/Packets finished> <Avg hops> <Busy Time>
16 0 0 38031328 36072334.560859 4911 1.673997 509759.687256
17 1 0 63071552 58204891.878252 8140 1.405897 881772.371177
18 2 0 63071480 58638409.692124 8120 1.405911 1054040.845171
19 3 0 37799408 37921578.444016 4889 1.672530 508202.078957
39 4 0 37799360 43208135.029959 4876 1.677194 1385761.628126
40 5 0 62607712 72212717.149956 8096 1.407115 2682297.724561
41 6 0 62607712 72921494.147554 8096 1.406126 2682268.713269
42 7 0 37567520 43135610.578351 4876 1.672683 1442387.369167
62 8 0 0 0.000000 0 -nan 0.000000
63 9 0 0 0.000000 0 -nan 0.000000
64 10 0 0 0.000000 0 -nan 0.000000
65 11 0 0 0.000000 0 -nan 0.000000
85 12 0 0 0.000000 0 -nan 0.000000
86 13 0 0 0.000000 0 -nan 0.000000
87 14 0 0 0.000000 0 -nan 0.000000
88 15 0 0 0.000000 0 -nan 0.000000
108 16 0 0 0.000000 0 -nan 0.000000
109 17 0 0 0.000000 0 -nan 0.000000
110 18 0 0 0.000000 0 -nan 0.000000
111 19 0 0 0.000000 0 -nan 0.000000
131 20 0 0 0.000000 0 -nan 0.000000
132 21 0 0 0.000000 0 -nan 0.000000
133 22 0 0 0.000000 0 -nan 0.000000
134 23 0 0 0.000000 0 -nan 0.000000
154 24 0 0 0.000000 0 -nan 0.000000
155 25 0 0 0.000000 0 -nan 0.000000
156 26 0 0 0.000000 0 -nan 0.000000
157 27 0 0 0.000000 0 -nan 0.000000
177 28 0 0 0.000000 0 -nan 0.000000
178 29 0 0 0.000000 0 -nan 0.000000
179 30 0 0 0.000000 0 -nan 0.000000
180 31 0 0 0.000000 0 -nan 0.000000
200 32 0 0 0.000000 0 -nan 0.000000
201 33 0 0 0.000000 0 -nan 0.000000
202 34 0 0 0.000000 0 -nan 0.000000
203 35 0 0 0.000000 0 -nan 0.000000
223 36 0 0 0.000000 0 -nan 0.000000
224 37 0 0 0.000000 0 -nan 0.000000
225 38 0 0 0.000000 0 -nan 0.000000
226 39 0 0 0.000000 0 -nan 0.000000
246 40 0 0 0.000000 0 -nan 0.000000
247 41 0 0 0.000000 0 -nan 0.000000
248 42 0 0 0.000000 0 -nan 0.000000
249 43 0 0 0.000000 0 -nan 0.000000
269 44 0 0 0.000000 0 -nan 0.000000
270 45 0 0 0.000000 0 -nan 0.000000
271 46 0 0 0.000000 0 -nan 0.000000
272 47 0 0 0.000000 0 -nan 0.000000
292 48 0 0 0.000000 0 -nan 0.000000
293 49 0 0 0.000000 0 -nan 0.000000
294 50 0 0 0.000000 0 -nan 0.000000
295 51 0 0 0.000000 0 -nan 0.000000
315 52 0 0 0.000000 0 -nan 0.000000
316 53 0 0 0.000000 0 -nan 0.000000
317 54 0 0 0.000000 0 -nan 0.000000
318 55 0 0 0.000000 0 -nan 0.000000
338 56 0 0 0.000000 0 -nan 0.000000
339 57 0 0 0.000000 0 -nan 0.000000
340 58 0 0 0.000000 0 -nan 0.000000
341 59 0 0 0.000000 0 -nan 0.000000
361 60 0 0 0.000000 0 -nan 0.000000
362 61 0 0 0.000000 0 -nan 0.000000
363 62 0 0 0.000000 0 -nan 0.000000
364 63 0 0 0.000000 0 -nan 0.000000
