# Format <LP ID> <Rail ID> <Level ID> <Switch ID> <Link traffic per switch port(s)># Switch ports: 8
 20 0 0 0 38236128 63317312 63235320 37922288 15948904 13833192 11127920 9748320
 21 0 1 16 16272896 15948904 0 0 0 0 0 0
 22 0 2 32 0 0 0 0 0 0 0 0
 43 0 0 1 37881280 62689632 62689632 37649440 16272896 13799440 10844276 9741788
 44 0 1 17 13799440 13833192 0 0 0 0 0 0
 45 0 2 33 0 0 0 0 0 0 0 0
 66 0 0 2 0 0 0 0 0 0 0 0
 67 0 1 18 10844276 11127920 0 0 0 0 0 0
 68 0 2 34 0 0 0 0 0 0 0 0
 89 0 0 3 0 0 0 0 0 0 0 0
 90 0 1 19 9741788 9748320 0 0 0 0 0 0
 91 0 2 35 0 0 0 0 0 0 0 0
 112 0 0 4 0 0 0 0 0 0 0 0
 113 0 1 20 0 0 0 0 0 0 0 0
 114 0 2 36 0 0 0 0 0 0 0 0
 135 0 0 5 0 0 0 0 0 0 0 0
 136 0 1 21 0 0 0 0 0 0 0 0
 137 0 2 37 0 0 0 0 0 0 0 0
 158 0 0 6 0 0 0 0 0 0 0 0
 159 0 1 22 0 0 0 0 0 0 0 0
 160 0 2 38 0 0 0 0 0 0 0 0
 181 0 0 7 0 0 0 0 0 0 0 0
 182 0 1 23 0 0 0 0 0 0 0 0
 183 0 2 39 0 0 0 0 0 0 0 0
 204 0 0 8 0 0 0 0 0 0 0 0
 205 0 1 24 0 0 0 0 0 0 0 0
 227 0 0 9 0 0 0 0 0 0 0 0
 228 0 1 25 0 0 0 0 0 0 0 0
 250 0 0 10 0 0 0 0 0 0 0 0
 251 0 1 26 0 0 0 0 0 0 0 0
 273 0 0 11 0 0 0 0 0 0 0 0
 274 0 1 27 0 0 0 0 0 0 0 0
 296 0 0 12 0 0 0 0 0 0 0 0
 297 0 1 28 0 0 0 0 0 0 0 0
 319 0 0 13 0 0 0 0 0 0 0 0
 320 0 1 29 0 0 0 0 0 0 0 0
 342 0 0 14 0 0 0 0 0 0 0 0
 343 0 1 30 0 0 0 0 0 0 0 0
 365 0 0 15 0 0 0 0 0 0 0 0
 366 0 1 31 0 0 0 0 0 0 0 0