# Format <LP ID> <Rail ID> <Level ID> <Switch ID> <Busy time per switch port(s)># Switch ports: 8

 20 0 0 0 0.000000 0.000000 0.000000 0.000000 0.000000 0.000000 0.000000 0.000000
 21 0 1 16 0.000000 0.000000 0.000000 0.000000 0.000000 0.000000 0.000000 0.000000
 22 0 2 32 0.000000 0.000000 0.000000 0.000000 0.000000 0.000000 0.000000 0.000000
 43 0 0 1 0.000000 0.000000 0.000000 0.000000 0.000000 0.000000 0.000000 0.000000
 44 0 1 17 0.000000 0.000000 0.000000 0.000000 0.000000 0.000000 0.000000 0.000000
 45 0 2 33 0.000000 0.000000 0.000000 0.000000 0.000000 0.000000 0.000000 0.000000
 66 0 0 2 0.000000 0.000000 0.000000 0.000000 0.000000 0.000000 0.000000 0.000000
 67 0 1 18 0.000000 0.000000 0.000000 0.000000 0.000000 0.000000 0.000000 0.000000
 68 0 2 34 0.000000 0.000000 0.000000 0.000000 0.000000 0.000000 0.000000 0.000000
 89 0 0 3 0.000000 0.000000 0.000000 0.000000 0.000000 0.000000 0.000000 0.000000
 90 0 1 19 0.000000 0.000000 0.000000 0.000000 0.000000 0.000000 0.000000 0.000000
 91 0 2 35 0.000000 0.000000 0.000000 0.000000 0.000000 0.000000 0.000000 0.000000
 112 0 0 4 0.000000 0.000000 0.000000 0.000000 0.000000 0.000000 0.000000 0.000000
 113 0 1 20 0.000000 0.000000 0.000000 0.000000 0.000000 0.000000 0.000000 0.000000
 114 0 2 36 0.000000 0.000000 0.000000 0.000000 0.000000 0.000000 0.000000 0.000000
 135 0 0 5 0.000000 0.000000 0.000000 0.000000 0.000000 0.000000 0.000000 0.000000
 136 0 1 21 0.000000 0.000000 0.000000 0.000000 0.000000 0.000000 0.000000 0.000000
 137 0 2 37 0.000000 0.000000 0.000000 0.000000 0.000000 0.000000 0.000000 0.000000
 158 0 0 6 0.000000 0.000000 0.000000 0.000000 0.000000 0.000000 0.000000 0.000000
 159 0 1 22 0.000000 0.000000 0.000000 0.000000 0.000000 0.000000 0.000000 0.000000
 160 0 2 38 0.000000 0.000000 0.000000 0.000000 0.000000 0.000000 0.000000 0.000000
 181 0 0 7 0.000000 0.000000 0.000000 0.000000 0.000000 0.000000 0.000000 0.000000
 182 0 1 23 0.000000 0.000000 0.000000 0.000000 0.000000 0.000000 0.000000 0.000000
 183 0 2 39 0.000000 0.000000 0.000000 0.000000 0.000000 0.000000 0.000000 0.000000
 204 0 0 8 0.000000 0.000000 0.000000 0.000000 0.000000 0.000000 0.000000 0.000000
 205 0 1 24 0.000000 0.000000 0.000000 0.000000 0.000000 0.000000 0.000000 0.000000
 227 0 0 9 0.000000 0.000000 0.000000 0.000000 0.000000 0.000000 0.000000 0.000000
 228 0 1 25 0.000000 0.000000 0.000000 0.000000 0.000000 0.000000 0.000000 0.000000
 250 0 0 10 0.000000 0.000000 0.000000 0.000000 0.000000 0.000000 0.000000 0.000000
 251 0 1 26 0.000000 0.000000 0.000000 0.000000 0.000000 0.000000 0.000000 0.000000
 273 0 0 11 0.000000 0.000000 0.000000 0.000000 0.000000 0.000000 0.000000 0.000000
 274 0 1 27 0.000000 0.000000 0.000000 0.000000 0.000000 0.000000 0.000000 0.000000
 296 0 0 12 0.000000 0.000000 0.000000 0.000000 0.000000 0.000000 0.000000 0.000000
 297 0 1 28 0.000000 0.000000 0.000000 0.000000 0.000000 0.000000 0.000000 0.000000
 319 0 0 13 0.000000 0.000000 0.000000 0.000000 0.000000 0.000000 0.000000 0.000000
 320 0 1 29 0.000000 0.000000 0.000000 0.000000 0.000000 0.000000 0.000000 0.000000
 342 0 0 14 0.000000 0.000000 0.000000 0.000000 0.000000 0.000000 0.000000 0.000000
 343 0 1 30 0.000000 0.000000 0.000000 0.000000 0.000000 0.000000 0.000000 0.000000
 365 0 0 15 0.000000 0.000000 0.000000 0.000000 0.000000 0.000000 0.000000 0.000000
 366 0 1 31 0.000000 0.000000 0.000000 0.000000 0.000000 0.000000 0.000000 0.000000