# Format <LP ID> <Rail ID> <Level ID> <Switch ID> <Busy time per switch port(s)># Switch ports: 8

 36 0 0 0 0.000000 0.000000 0.000000 0.000000 0.000000 0.000000 0.000000 0.000000
 37 0 1 16 0.000000 0.000000 0.000000 0.000000 0.000000 0.000000 0.000000 0.000000
 38 0 2 32 0.000000 0.000000 0.000000 0.000000 0.000000 0.000000 0.000000 0.000000
 75 0 0 1 0.000000 0.000000 0.000000 0.000000 0.000000 0.000000 0.000000 0.000000
 76 0 1 17 0.000000 0.000000 0.000000 0.000000 0.000000 0.000000 0.000000 0.000000
 77 0 2 33 0.000000 0.000000 0.000000 0.000000 0.000000 0.000000 0.000000 0.000000
 114 0 0 2 0.000000 0.000000 0.000000 0.000000 0.000000 0.000000 0.000000 0.000000
 115 0 1 18 0.000000 0.000000 0.000000 0.000000 0.000000 0.000000 0.000000 0.000000
 116 0 2 34 0.000000 0.000000 0.000000 0.000000 0.000000 0.000000 0.000000 0.000000
 153 0 0 3 0.000000 0.000000 0.000000 0.000000 0.000000 0.000000 0.000000 0.000000
 154 0 1 19 0.000000 0.000000 0.000000 0.000000 0.000000 0.000000 0.000000 0.000000
 155 0 2 35 0.000000 0.000000 0.000000 0.000000 0.000000 0.000000 0.000000 0.000000
 192 0 0 4 0.000000 0.000000 0.000000 0.000000 0.000000 0.000000 0.000000 0.000000
 193 0 1 20 0.000000 0.000000 0.000000 0.000000 0.000000 0.000000 0.000000 0.000000
 194 0 2 36 0.000000 0.000000 0.000000 0.000000 0.000000 0.000000 0.000000 0.000000
 231 0 0 5 0.000000 0.000000 0.000000 0.000000 0.000000 0.000000 0.000000 0.000000
 232 0 1 21 0.000000 0.000000 0.000000 0.000000 0.000000 0.000000 0.000000 0.000000
 233 0 2 37 0.000000 0.000000 0.000000 0.000000 0.000000 0.000000 0.000000 0.000000
 270 0 0 6 0.000000 0.000000 0.000000 0.000000 0.000000 0.000000 0.000000 0.000000
 271 0 1 22 0.000000 0.000000 0.000000 0.000000 0.000000 0.000000 0.000000 0.000000
 272 0 2 38 0.000000 0.000000 0.000000 0.000000 0.000000 0.000000 0.000000 0.000000
 309 0 0 7 0.000000 0.000000 0.000000 0.000000 0.000000 0.000000 0.000000 0.000000
 310 0 1 23 0.000000 0.000000 0.000000 0.000000 0.000000 0.000000 0.000000 0.000000
 311 0 2 39 0.000000 0.000000 0.000000 0.000000 0.000000 0.000000 0.000000 0.000000
 348 0 0 8 0.000000 0.000000 0.000000 0.000000 0.000000 0.000000 0.000000 0.000000
 349 0 1 24 0.000000 0.000000 0.000000 0.000000 0.000000 0.000000 0.000000 0.000000
 387 0 0 9 0.000000 0.000000 0.000000 0.000000 0.000000 0.000000 0.000000 0.000000
 388 0 1 25 0.000000 0.000000 0.000000 0.000000 0.000000 0.000000 0.000000 0.000000
 426 0 0 10 0.000000 0.000000 0.000000 0.000000 0.000000 0.000000 0.000000 0.000000
 427 0 1 26 0.000000 0.000000 0.000000 0.000000 0.000000 0.000000 0.000000 0.000000
 465 0 0 11 0.000000 0.000000 0.000000 0.000000 0.000000 0.000000 0.000000 0.000000
 466 0 1 27 0.000000 0.000000 0.000000 0.000000 0.000000 0.000000 0.000000 0.000000
 504 0 0 12 0.000000 0.000000 0.000000 0.000000 0.000000 0.000000 0.000000 0.000000
 505 0 1 28 0.000000 0.000000 0.000000 0.000000 0.000000 0.000000 0.000000 0.000000
 543 0 0 13 0.000000 0.000000 0.000000 0.000000 0.000000 0.000000 0.000000 0.000000
 544 0 1 29 0.000000 0.000000 0.000000 0.000000 0.000000 0.000000 0.000000 0.000000
 582 0 0 14 0.000000 0.000000 0.000000 0.000000 0.000000 0.000000 0.000000 0.000000
 583 0 1 30 0.000000 0.000000 0.000000 0.000000 0.000000 0.000000 0.000000 0.000000
 621 0 0 15 0.000000 0.000000 0.000000 0.000000 0.000000 0.000000 0.000000 0.000000
 622 0 1 31 0.000000 0.000000 0.000000 0.000000 0.000000 0.000000 0.000000 0.000000