# Format <LP ID> <Rail ID> <Level ID> <Switch ID> <Link traffic per switch port(s)># Switch ports: 8
 36 0 0 0 60572088 39465432 82939160 75929504 0 0 0 0
 37 0 1 16 0 0 0 0 0 0 0 0
 38 0 2 32 0 0 0 0 0 0 0 0
 75 0 0 1 0 0 0 0 0 0 0 0
 76 0 1 17 0 0 0 0 0 0 0 0
 77 0 2 33 0 0 0 0 0 0 0 0
 114 0 0 2 0 0 0 0 0 0 0 0
 115 0 1 18 0 0 0 0 0 0 0 0
 116 0 2 34 0 0 0 0 0 0 0 0
 153 0 0 3 0 0 0 0 0 0 0 0
 154 0 1 19 0 0 0 0 0 0 0 0
 155 0 2 35 0 0 0 0 0 0 0 0
 192 0 0 4 0 0 0 0 0 0 0 0
 193 0 1 20 0 0 0 0 0 0 0 0
 194 0 2 36 0 0 0 0 0 0 0 0
 231 0 0 5 0 0 0 0 0 0 0 0
 232 0 1 21 0 0 0 0 0 0 0 0
 233 0 2 37 0 0 0 0 0 0 0 0
 270 0 0 6 0 0 0 0 0 0 0 0
 271 0 1 22 0 0 0 0 0 0 0 0
 272 0 2 38 0 0 0 0 0 0 0 0
 309 0 0 7 0 0 0 0 0 0 0 0
 310 0 1 23 0 0 0 0 0 0 0 0
 311 0 2 39 0 0 0 0 0 0 0 0
 348 0 0 8 0 0 0 0 0 0 0 0
 349 0 1 24 0 0 0 0 0 0 0 0
 387 0 0 9 0 0 0 0 0 0 0 0
 388 0 1 25 0 0 0 0 0 0 0 0
 426 0 0 10 0 0 0 0 0 0 0 0
 427 0 1 26 0 0 0 0 0 0 0 0
 465 0 0 11 0 0 0 0 0 0 0 0
 466 0 1 27 0 0 0 0 0 0 0 0
 504 0 0 12 0 0 0 0 0 0 0 0
 505 0 1 28 0 0 0 0 0 0 0 0
 543 0 0 13 0 0 0 0 0 0 0 0
 544 0 1 29 0 0 0 0 0 0 0 0
 582 0 0 14 0 0 0 0 0 0 0 0
 583 0 1 30 0 0 0 0 0 0 0 0
 621 0 0 15 0 0 0 0 0 0 0 0
 622 0 1 31 0 0 0 0 0 0 0 0