# Format <LP id> <Terminal ID> <Rail ID> <Total Data Size> <Avg packet latency> <# Flits/Packets finished> <Avg hops> <Busy Time>
8 0 0 25507792 25008855.927365 3257 1.997851 338827.376045
9 1 0 38027920 36017844.452188 4876 1.670632 525117.170555
10 2 0 38027920 36369743.724081 4876 1.674323 525106.004584
11 3 0 25275984 25159358.575478 3266 2.005511 338858.565366
23 4 0 38027920 39201797.136311 4876 2.339623 525040.077655
24 5 0 50084336 50211011.956339 6486 2.006784 711380.025406
25 6 0 50084336 50079844.244036 6486 2.006167 711479.650237
26 7 0 37564200 39286279.521041 4865 2.336074 525091.117255
38 8 0 38027840 38631856.696136 4854 2.336630 525293.632707
39 9 0 50084256 49576458.479865 6464 2.003403 711459.913166
40 10 0 50084256 49542910.904725 6464 2.002785 711604.322337
41 11 0 37564160 38262177.726727 4854 2.334569 525049.741004
53 12 0 25275904 24973060.983652 3244 2.007398 338894.134849
54 13 0 37564160 35932252.851003 4854 1.672847 525175.893151
55 14 0 37564160 36155435.461838 4854 1.672023 525183.128601
56 15 0 25044064 24864579.708467 3244 2.004316 338815.240221
68 16 0 0 0.000000 0 -nan 0.000000
69 17 0 0 0.000000 0 -nan 0.000000
70 18 0 0 0.000000 0 -nan 0.000000
71 19 0 0 0.000000 0 -nan 0.000000
83 20 0 0 0.000000 0 -nan 0.000000
84 21 0 0 0.000000 0 -nan 0.000000
85 22 0 0 0.000000 0 -nan 0.000000
86 23 0 0 0.000000 0 -nan 0.000000
98 24 0 0 0.000000 0 -nan 0.000000
99 25 0 0 0.000000 0 -nan 0.000000
100 26 0 0 0.000000 0 -nan 0.000000
101 27 0 0 0.000000 0 -nan 0.000000
113 28 0 0 0.000000 0 -nan 0.000000
114 29 0 0 0.000000 0 -nan 0.000000
115 30 0 0 0.000000 0 -nan 0.000000
116 31 0 0 0.000000 0 -nan 0.000000
128 32 0 0 0.000000 0 -nan 0.000000
129 33 0 0 0.000000 0 -nan 0.000000
130 34 0 0 0.000000 0 -nan 0.000000
131 35 0 0 0.000000 0 -nan 0.000000
143 36 0 0 0.000000 0 -nan 0.000000
144 37 0 0 0.000000 0 -nan 0.000000
145 38 0 0 0.000000 0 -nan 0.000000
146 39 0 0 0.000000 0 -nan 0.000000
158 40 0 0 0.000000 0 -nan 0.000000
159 41 0 0 0.000000 0 -nan 0.000000
160 42 0 0 0.000000 0 -nan 0.000000
161 43 0 0 0.000000 0 -nan 0.000000
173 44 0 0 0.000000 0 -nan 0.000000
174 45 0 0 0.000000 0 -nan 0.000000
175 46 0 0 0.000000 0 -nan 0.000000
176 47 0 0 0.000000 0 -nan 0.000000
188 48 0 0 0.000000 0 -nan 0.000000
189 49 0 0 0.000000 0 -nan 0.000000
190 50 0 0 0.000000 0 -nan 0.000000
191 51 0 0 0.000000 0 -nan 0.000000
203 52 0 0 0.000000 0 -nan 0.000000
204 53 0 0 0.000000 0 -nan 0.000000
205 54 0 0 0.000000 0 -nan 0.000000
206 55 0 0 0.000000 0 -nan 0.000000
218 56 0 0 0.000000 0 -nan 0.000000
219 57 0 0 0.000000 0 -nan 0.000000
220 58 0 0 0.000000 0 -nan 0.000000
221 59 0 0 0.000000 0 -nan 0.000000
233 60 0 0 0.000000 0 -nan 0.000000
234 61 0 0 0.000000 0 -nan 0.000000
235 62 0 0 0.000000 0 -nan 0.000000
236 63 0 0 0.000000 0 -nan 0.000000
