# Format <LP ID> <Rail ID> <Level ID> <Switch ID> <Busy time per switch port(s)># Switch ports: 8

 12 0 0 0 0.000000 0.000000 0.000000 0.000000 0.000000 0.000000 0.000000 0.000000
 13 0 1 16 0.000000 0.000000 0.000000 0.000000 0.000000 0.000000 0.000000 0.000000
 14 0 2 32 0.000000 0.000000 0.000000 0.000000 0.000000 0.000000 0.000000 0.000000
 27 0 0 1 0.000000 0.000000 0.000000 0.000000 0.000000 0.000000 0.000000 0.000000
 28 0 1 17 0.000000 0.000000 0.000000 0.000000 0.000000 0.000000 0.000000 0.000000
 29 0 2 33 0.000000 0.000000 0.000000 0.000000 0.000000 0.000000 0.000000 0.000000
 42 0 0 2 0.000000 0.000000 0.000000 0.000000 0.000000 0.000000 0.000000 0.000000
 43 0 1 18 0.000000 0.000000 0.000000 0.000000 0.000000 0.000000 0.000000 0.000000
 44 0 2 34 0.000000 0.000000 0.000000 0.000000 0.000000 0.000000 0.000000 0.000000
 57 0 0 3 0.000000 0.000000 0.000000 0.000000 0.000000 0.000000 0.000000 0.000000
 58 0 1 19 0.000000 0.000000 0.000000 0.000000 0.000000 0.000000 0.000000 0.000000
 59 0 2 35 0.000000 0.000000 0.000000 0.000000 0.000000 0.000000 0.000000 0.000000
 72 0 0 4 0.000000 0.000000 0.000000 0.000000 0.000000 0.000000 0.000000 0.000000
 73 0 1 20 0.000000 0.000000 0.000000 0.000000 0.000000 0.000000 0.000000 0.000000
 74 0 2 36 0.000000 0.000000 0.000000 0.000000 0.000000 0.000000 0.000000 0.000000
 87 0 0 5 0.000000 0.000000 0.000000 0.000000 0.000000 0.000000 0.000000 0.000000
 88 0 1 21 0.000000 0.000000 0.000000 0.000000 0.000000 0.000000 0.000000 0.000000
 89 0 2 37 0.000000 0.000000 0.000000 0.000000 0.000000 0.000000 0.000000 0.000000
 102 0 0 6 0.000000 0.000000 0.000000 0.000000 0.000000 0.000000 0.000000 0.000000
 103 0 1 22 0.000000 0.000000 0.000000 0.000000 0.000000 0.000000 0.000000 0.000000
 104 0 2 38 0.000000 0.000000 0.000000 0.000000 0.000000 0.000000 0.000000 0.000000
 117 0 0 7 0.000000 0.000000 0.000000 0.000000 0.000000 0.000000 0.000000 0.000000
 118 0 1 23 0.000000 0.000000 0.000000 0.000000 0.000000 0.000000 0.000000 0.000000
 119 0 2 39 0.000000 0.000000 0.000000 0.000000 0.000000 0.000000 0.000000 0.000000
 132 0 0 8 0.000000 0.000000 0.000000 0.000000 0.000000 0.000000 0.000000 0.000000
 133 0 1 24 0.000000 0.000000 0.000000 0.000000 0.000000 0.000000 0.000000 0.000000
 147 0 0 9 0.000000 0.000000 0.000000 0.000000 0.000000 0.000000 0.000000 0.000000
 148 0 1 25 0.000000 0.000000 0.000000 0.000000 0.000000 0.000000 0.000000 0.000000
 162 0 0 10 0.000000 0.000000 0.000000 0.000000 0.000000 0.000000 0.000000 0.000000
 163 0 1 26 0.000000 0.000000 0.000000 0.000000 0.000000 0.000000 0.000000 0.000000
 177 0 0 11 0.000000 0.000000 0.000000 0.000000 0.000000 0.000000 0.000000 0.000000
 178 0 1 27 0.000000 0.000000 0.000000 0.000000 0.000000 0.000000 0.000000 0.000000
 192 0 0 12 0.000000 0.000000 0.000000 0.000000 0.000000 0.000000 0.000000 0.000000
 193 0 1 28 0.000000 0.000000 0.000000 0.000000 0.000000 0.000000 0.000000 0.000000
 207 0 0 13 0.000000 0.000000 0.000000 0.000000 0.000000 0.000000 0.000000 0.000000
 208 0 1 29 0.000000 0.000000 0.000000 0.000000 0.000000 0.000000 0.000000 0.000000
 222 0 0 14 0.000000 0.000000 0.000000 0.000000 0.000000 0.000000 0.000000 0.000000
 223 0 1 30 0.000000 0.000000 0.000000 0.000000 0.000000 0.000000 0.000000 0.000000
 237 0 0 15 0.000000 0.000000 0.000000 0.000000 0.000000 0.000000 0.000000 0.000000
 238 0 1 31 0.000000 0.000000 0.000000 0.000000 0.000000 0.000000 0.000000 0.000000